0 1.170483 0.000000
1 1.170797 0.001322
2 1.171740 0.002647
3 1.173316 0.003976
4 1.175530 0.005314
5 1.178390 0.006661
6 1.181907 0.008021
7 1.186093 0.009396
8 1.190964 0.010790
9 1.196538 0.012205
10 1.202837 0.013645
11 1.209884 0.015112
12 1.217709 0.016611
13 1.226342 0.018144
14 1.235819 0.019717
15 1.246182 0.021333
16 1.257475 0.022997
17 1.269750 0.024715
18 1.283065 0.026491
19 1.297483 0.028332
20 1.313079 0.030246
21 1.329933 0.032239
22 1.348140 0.034319
23 1.367803 0.036497
24 1.389042 0.038783
25 1.411993 0.041189
26 1.436808 0.043729
27 1.463666 0.046417
28 1.492771 0.049272
29 1.524357 0.052315
30 1.558698 0.055569
31 1.596114 0.059061
32 1.636980 0.062825
33 1.681742 0.066899
34 1.730930 0.071329
35 1.785182 0.076170
36 1.845273 0.081490
37 1.912150 0.087372
38 1.986990 0.093918
39 2.071268 0.101256
40 2.166865 0.109551
41 2.276209 0.119015
42 2.402501 0.129929
43 2.550044 0.142670
44 2.724769 0.157758
45 2.935086 0.175933
46 3.193335 0.198280
47 3.518397 0.226461
48 3.940697 0.263155
49 4.512645 0.312980
50 5.332907 0.384633
51 6.611947 0.496670
52 8.893142 0.697007
53 14.142119 1.158990
54 39.214945 3.369184
55 -41.879460 -3.783847
56 -12.764782 -1.217414
57 -7.187960 -0.726963
58 -4.809404 -0.518713
59 -3.482179 -0.403337
60 -2.628570 -0.329902
61 -2.027739 -0.278952
62 -1.576878 -0.241443
63 -1.221519 -0.212600
64 -0.929969 -0.189662
65 -0.682388 -0.170916
66 -0.465565 -0.155247
67 -0.270187 -0.141890
68 -0.089302 -0.130304
69 0.082610 -0.120091
70 0.250245 -0.110947
71 0.417926 -0.102635
72 0.589972 -0.094956
73 0.771077 -0.087740
74 0.966748 -0.080830
75 1.183917 -0.074068
76 1.431862 -0.067277
77 1.723725 -0.060247
78 2.079214 -0.052688
79 2.529746 -0.044174
80 3.129190 -0.034000
81 3.978866 -0.020868
82 5.295359 -0.002036
83 7.640771 0.029577
84 13.071513 0.099829
85 39.963122 0.439659
86 -41.497314 -0.582284
87 -14.028976 -0.235415
88 -8.557290 -0.165070
89 -6.207304 -0.134039
90 -4.896650 -0.116145
91 -4.058453 -0.104259
92 -3.474861 -0.095636
93 -3.044238 -0.088996
94 -2.712776 -0.083657
95 -2.449316 -0.079223
96 -2.234556 -0.075449
97 -2.055899 -0.072173
98 -1.904771 -0.069283
99 -1.775132 -0.066703
100 -1.662599 -0.064373
101 -1.563919 -0.062251
102 -1.476621 -0.060303
103 -1.398794 -0.058505
104 -1.328938 -0.056834
105 -1.265860 -0.055275
106 -1.208593 -0.053814
107 -1.156352 -0.052439
108 -1.108488 -0.051141
109 -1.064460 -0.049913
110 -1.023816 -0.048747
111 -0.986172 -0.047638
112 -0.951201 -0.046580
113 -0.918625 -0.045569
114 -0.888202 -0.044601
115 -0.859721 -0.043673
116 -0.833001 -0.042782
117 -0.807883 -0.041925
118 -0.784224 -0.041100
119 -0.761900 -0.040304
120 -0.740802 -0.039535
121 -0.720831 -0.038793
122 -0.701899 -0.038075
123 -0.683928 -0.037379
124 -0.666846 -0.036705
125 -0.650589 -0.036051
126 -0.635101 -0.035416
127 -0.620328 -0.034799
128 -0.606223 -0.034199
129 -0.592742 -0.033615
130 -0.579845 -0.033046
131 -0.567497 -0.032493
132 -0.555664 -0.031953
133 -0.544316 -0.031426
134 -0.533424 -0.030912
135 -0.522961 -0.030409
136 -0.512905 -0.029919
137 -0.503233 -0.029439
138 -0.493925 -0.028970
139 -0.484960 -0.028511
140 -0.476322 -0.028061
141 -0.467994 -0.027621
142 -0.459960 -0.027190
143 -0.452207 -0.026767
144 -0.444719 -0.026352
145 -0.437486 -0.025945
146 -0.430495 -0.025546
147 -0.423735 -0.025154
148 -0.417195 -0.024769
149 -0.410867 -0.024391
150 -0.404740 -0.024019
151 -0.398806 -0.023654
152 -0.393058 -0.023294
153 -0.387486 -0.022941
154 -0.382085 -0.022593
155 -0.376846 -0.022251
156 -0.371765 -0.021913
157 -0.366833 -0.021581
158 -0.362047 -0.021254
159 -0.357400 -0.020932
160 -0.352887 -0.020614
161 -0.348502 -0.020301
162 -0.344243 -0.019992
163 -0.340103 -0.019687
164 -0.336078 -0.019387
165 -0.332165 -0.019090
166 -0.328360 -0.018797
167 -0.324659 -0.018508
168 -0.321059 -0.018222
169 -0.317556 -0.017940
170 -0.314146 -0.017661
171 -0.310828 -0.017386
172 -0.307598 -0.017114
173 -0.304453 -0.016845
174 -0.301391 -0.016578
175 -0.298409 -0.016315
176 -0.295505 -0.016055
177 -0.292676 -0.015797
178 -0.289920 -0.015542
179 -0.287236 -0.015290
180 -0.284620 -0.015040
181 -0.282072 -0.014792
182 -0.279588 -0.014547
183 -0.277168 -0.014305
184 -0.274810 -0.014064
185 -0.272511 -0.013826
186 -0.270272 -0.013590
187 -0.268088 -0.013356
188 -0.265961 -0.013124
189 -0.263887 -0.012894
190 -0.261866 -0.012666
191 -0.259897 -0.012440
192 -0.257977 -0.012215
193 -0.256106 -0.011993
194 -0.254283 -0.011772
195 -0.252507 -0.011552
196 -0.250776 -0.011335
197 -0.249090 -0.011119
198 -0.247447 -0.010904
199 -0.245847 -0.010691
200 -0.244288 -0.010480
201 -0.242770 -0.010270
202 -0.241292 -0.010061
203 -0.239853 -0.009853
204 -0.238453 -0.009647
205 -0.237089 -0.009442
206 -0.235763 -0.009239
207 -0.234472 -0.009036
208 -0.233217 -0.008835
209 -0.231997 -0.008635
210 -0.230811 -0.008436
211 -0.229658 -0.008238
212 -0.228538 -0.008041
213 -0.227450 -0.007845
214 -0.226394 -0.007650
215 -0.225369 -0.007456
216 -0.224375 -0.007262
217 -0.223411 -0.007070
218 -0.222477 -0.006879
219 -0.221572 -0.006688
220 -0.220696 -0.006498
221 -0.219849 -0.006309
222 -0.219029 -0.006121
223 -0.218238 -0.005933
224 -0.217473 -0.005747
225 -0.216736 -0.005560
226 -0.216025 -0.005375
227 -0.215340 -0.005190
228 -0.214681 -0.005006
229 -0.214048 -0.004822
230 -0.213440 -0.004639
231 -0.212858 -0.004456
232 -0.212300 -0.004274
233 -0.211767 -0.004092
234 -0.211258 -0.003911
235 -0.210773 -0.003730
236 -0.210313 -0.003550
237 -0.209876 -0.003370
238 -0.209462 -0.003190
239 -0.209072 -0.003011
240 -0.208705 -0.002832
241 -0.208361 -0.002654
242 -0.208040 -0.002476
243 -0.207741 -0.002298
244 -0.207466 -0.002120
245 -0.207212 -0.001942
246 -0.206981 -0.001765
247 -0.206773 -0.001588
248 -0.206586 -0.001411
249 -0.206422 -0.001234
250 -0.206280 -0.001058
251 -0.206160 -0.000881
252 -0.206061 -0.000705
253 -0.205985 -0.000529
254 -0.205930 -0.000352
255 -0.205897 -0.000176
256 -0.205887 0.000000
257 -0.205897 0.000176
258 -0.205930 0.000352
259 -0.205985 0.000529
260 -0.206061 0.000705
261 -0.206160 0.000881
262 -0.206280 0.001058
263 -0.206422 0.001234
264 -0.206586 0.001411
265 -0.206773 0.001588
266 -0.206981 0.001765
267 -0.207212 0.001942
268 -0.207466 0.002120
269 -0.207741 0.002298
270 -0.208040 0.002476
271 -0.208361 0.002654
272 -0.208705 0.002832
273 -0.209072 0.003011
274 -0.209462 0.003190
275 -0.209876 0.003370
276 -0.210313 0.003550
277 -0.210773 0.003730
278 -0.211258 0.003911
279 -0.211767 0.004092
280 -0.212300 0.004274
281 -0.212858 0.004456
282 -0.213440 0.004639
283 -0.214048 0.004822
284 -0.214681 0.005006
285 -0.215340 0.005190
286 -0.216025 0.005375
287 -0.216736 0.005560
288 -0.217473 0.005747
289 -0.218238 0.005933
290 -0.219029 0.006121
291 -0.219849 0.006309
292 -0.220696 0.006498
293 -0.221572 0.006688
294 -0.222477 0.006879
295 -0.223411 0.007070
296 -0.224375 0.007262
297 -0.225369 0.007456
298 -0.226394 0.007650
299 -0.227450 0.007845
300 -0.228538 0.008041
301 -0.229658 0.008238
302 -0.230811 0.008436
303 -0.231997 0.008635
304 -0.233217 0.008835
305 -0.234472 0.009036
306 -0.235763 0.009239
307 -0.237089 0.009442
308 -0.238453 0.009647
309 -0.239853 0.009853
310 -0.241292 0.010061
311 -0.242770 0.010270
312 -0.244288 0.010480
313 -0.245847 0.010691
314 -0.247447 0.010904
315 -0.249090 0.011119
316 -0.250776 0.011335
317 -0.252507 0.011552
318 -0.254283 0.011772
319 -0.256106 0.011993
320 -0.257977 0.012215
321 -0.259897 0.012440
322 -0.261866 0.012666
323 -0.263887 0.012894
324 -0.265961 0.013124
325 -0.268088 0.013356
326 -0.270272 0.013590
327 -0.272511 0.013826
328 -0.274810 0.014064
329 -0.277168 0.014305
330 -0.279588 0.014547
331 -0.282072 0.014792
332 -0.284620 0.015040
333 -0.287236 0.015290
334 -0.289920 0.015542
335 -0.292676 0.015797
336 -0.295505 0.016055
337 -0.298409 0.016315
338 -0.301391 0.016578
339 -0.304453 0.016845
340 -0.307598 0.017114
341 -0.310828 0.017386
342 -0.314146 0.017661
343 -0.317556 0.017940
344 -0.321059 0.018222
345 -0.324659 0.018508
346 -0.328360 0.018797
347 -0.332165 0.019090
348 -0.336078 0.019387
349 -0.340103 0.019687
350 -0.344243 0.019992
351 -0.348502 0.020301
352 -0.352887 0.020614
353 -0.357400 0.020932
354 -0.362047 0.021254
355 -0.366833 0.021581
356 -0.371765 0.021913
357 -0.376846 0.022251
358 -0.382085 0.022593
359 -0.387486 0.022941
360 -0.393058 0.023294
361 -0.398806 0.023654
362 -0.404740 0.024019
363 -0.410867 0.024391
364 -0.417195 0.024769
365 -0.423735 0.025154
366 -0.430495 0.025546
367 -0.437486 0.025945
368 -0.444719 0.026352
369 -0.452207 0.026767
370 -0.459960 0.027190
371 -0.467994 0.027621
372 -0.476322 0.028061
373 -0.484960 0.028511
374 -0.493925 0.028970
375 -0.503233 0.029439
376 -0.512905 0.029919
377 -0.522961 0.030409
378 -0.533424 0.030912
379 -0.544316 0.031426
380 -0.555664 0.031953
381 -0.567497 0.032493
382 -0.579845 0.033046
383 -0.592742 0.033615
384 -0.606223 0.034199
385 -0.620328 0.034799
386 -0.635101 0.035416
387 -0.650589 0.036051
388 -0.666846 0.036705
389 -0.683928 0.037379
390 -0.701899 0.038075
391 -0.720831 0.038793
392 -0.740802 0.039535
393 -0.761900 0.040304
394 -0.784224 0.041100
395 -0.807883 0.041925
396 -0.833001 0.042782
397 -0.859721 0.043673
398 -0.888202 0.044601
399 -0.918625 0.045569
400 -0.951201 0.046580
401 -0.986172 0.047638
402 -1.023816 0.048747
403 -1.064460 0.049913
404 -1.108488 0.051141
405 -1.156352 0.052439
406 -1.208593 0.053814
407 -1.265860 0.055275
408 -1.328938 0.056834
409 -1.398794 0.058505
410 -1.476621 0.060303
411 -1.563919 0.062251
412 -1.662599 0.064373
413 -1.775132 0.066703
414 -1.904771 0.069283
415 -2.055899 0.072173
416 -2.234556 0.075449
417 -2.449316 0.079223
418 -2.712776 0.083657
419 -3.044238 0.088996
420 -3.474861 0.095636
421 -4.058453 0.104259
422 -4.896650 0.116145
423 -6.207304 0.134039
424 -8.557290 0.165070
425 -14.028976 0.235415
426 -41.497314 0.582284
427 39.963122 -0.439659
428 13.071513 -0.099829
429 7.640771 -0.029577
430 5.295359 0.002036
431 3.978866 0.020868
432 3.129190 0.034000
433 2.529746 0.044174
434 2.079214 0.052688
435 1.723725 0.060247
436 1.431862 0.067277
437 1.183917 0.074068
438 0.966748 0.080830
439 0.771077 0.087740
440 0.589972 0.094956
441 0.417926 0.102635
442 0.250245 0.110947
443 0.082610 0.120091
444 -0.089302 0.130304
445 -0.270187 0.141890
446 -0.465565 0.155247
447 -0.682388 0.170916
448 -0.929969 0.189662
449 -1.221519 0.212600
450 -1.576878 0.241443
451 -2.027739 0.278952
452 -2.628570 0.329902
453 -3.482179 0.403337
454 -4.809404 0.518713
455 -7.187960 0.726963
456 -12.764782 1.217414
457 -41.879460 3.783847
458 39.214945 -3.369184
459 14.142119 -1.158990
460 8.893142 -0.697007
461 6.611947 -0.496670
462 5.332907 -0.384633
463 4.512645 -0.312980
464 3.940697 -0.263155
465 3.518397 -0.226461
466 3.193335 -0.198280
467 2.935086 -0.175933
468 2.724769 -0.157758
469 2.550044 -0.142670
470 2.402501 -0.129929
471 2.276209 -0.119015
472 2.166865 -0.109551
473 2.071268 -0.101256
474 1.986990 -0.093918
475 1.912150 -0.087372
476 1.845273 -0.081490
477 1.785182 -0.076170
478 1.730930 -0.071329
479 1.681742 -0.066899
480 1.636980 -0.062825
481 1.596114 -0.059061
482 1.558698 -0.055569
483 1.524357 -0.052315
484 1.492771 -0.049272
485 1.463666 -0.046417
486 1.436808 -0.043729
487 1.411993 -0.041189
488 1.389042 -0.038783
489 1.367803 -0.036497
490 1.348140 -0.034319
491 1.329933 -0.032239
492 1.313079 -0.030246
493 1.297483 -0.028332
494 1.283065 -0.026491
495 1.269750 -0.024715
496 1.257475 -0.022997
497 1.246182 -0.021333
498 1.235819 -0.019717
499 1.226342 -0.018144
500 1.217709 -0.016611
501 1.209884 -0.015112
502 1.202837 -0.013645
503 1.196538 -0.012205
504 1.190964 -0.010790
505 1.186093 -0.009396
506 1.181907 -0.008021
507 1.178390 -0.006661
508 1.175530 -0.005314
509 1.173316 -0.003976
510 1.171740 -0.002647
511 1.170797 -0.001322
