0.000000 0.002286
15.625000 0.004573
31.250000 0.004577
46.875000 0.004583
62.500000 0.004592
78.125000 0.004603
93.750000 0.004617
109.375000 0.004633
125.000000 0.004652
140.625000 0.004674
156.250000 0.004699
171.875000 0.004726
187.500000 0.004757
203.125000 0.004791
218.750000 0.004828
234.375000 0.004869
250.000000 0.004913
265.625000 0.004961
281.250000 0.005013
296.875000 0.005070
312.500000 0.005131
328.125000 0.005197
343.750000 0.005268
359.375000 0.005345
375.000000 0.005428
390.625000 0.005518
406.250000 0.005615
421.875000 0.005720
437.500000 0.005834
453.125000 0.005958
468.750000 0.006093
484.375000 0.006239
500.000000 0.006399
515.625000 0.006575
531.250000 0.006767
546.875000 0.006980
562.500000 0.007215
578.125000 0.007477
593.750000 0.007770
609.375000 0.008101
625.000000 0.008475
640.625000 0.008904
656.250000 0.009398
671.875000 0.009977
687.500000 0.010661
703.125000 0.011486
718.750000 0.012498
734.375000 0.013772
750.000000 0.015428
765.625000 0.017670
781.250000 0.020886
796.875000 0.025901
812.500000 0.034845
828.125000 0.055428
843.750000 0.153748
859.375000 0.164258
875.000000 0.050089
890.625000 0.028221
906.250000 0.018896
921.875000 0.013693
937.500000 0.010348
953.125000 0.007995
968.750000 0.006231
984.375000 0.004843
1000.000000 0.003707
1015.625000 0.002748
1031.250000 0.001917
1046.875000 0.001192
1062.500000 0.000617
1078.125000 0.000569
1093.750000 0.001069
1109.375000 0.001681
1125.000000 0.002334
1140.625000 0.003031
1156.250000 0.003790
1171.875000 0.004634
1187.500000 0.005599
1203.125000 0.006737
1218.750000 0.008125
1234.375000 0.009883
1250.000000 0.012224
1265.625000 0.015543
1281.250000 0.020685
1296.875000 0.029847
1312.500000 0.051062
1328.125000 0.156115
1343.750000 0.162115
1359.375000 0.054808
1375.000000 0.033433
1390.625000 0.024253
1406.250000 0.019133
1421.875000 0.015859
1437.500000 0.013579
1453.125000 0.011897
1468.750000 0.010602
1484.375000 0.009573
1500.000000 0.008734
1515.625000 0.008036
1531.250000 0.007445
1546.875000 0.006939
1562.500000 0.006499
1578.125000 0.006114
1593.750000 0.005773
1609.375000 0.005469
1625.000000 0.005196
1640.625000 0.004949
1656.250000 0.004726
1671.875000 0.004522
1687.500000 0.004335
1703.125000 0.004163
1718.750000 0.004004
1734.375000 0.003857
1750.000000 0.003720
1765.625000 0.003593
1781.250000 0.003474
1796.875000 0.003363
1812.500000 0.003258
1828.125000 0.003160
1843.750000 0.003068
1859.375000 0.002980
1875.000000 0.002898
1890.625000 0.002820
1906.250000 0.002746
1921.875000 0.002676
1937.500000 0.002609
1953.125000 0.002545
1968.750000 0.002485
1984.375000 0.002427
2000.000000 0.002372
2015.625000 0.002319
2031.250000 0.002269
2046.875000 0.002220
2062.500000 0.002174
2078.125000 0.002130
2093.750000 0.002087
2109.375000 0.002046
2125.000000 0.002007
2140.625000 0.001969
2156.250000 0.001933
2171.875000 0.001898
2187.500000 0.001864
2203.125000 0.001831
2218.750000 0.001800
2234.375000 0.001770
2250.000000 0.001740
2265.625000 0.001712
2281.250000 0.001685
2296.875000 0.001658
2312.500000 0.001633
2328.125000 0.001608
2343.750000 0.001584
2359.375000 0.001561
2375.000000 0.001538
2390.625000 0.001516
2406.250000 0.001495
2421.875000 0.001475
2437.500000 0.001455
2453.125000 0.001435
2468.750000 0.001417
2484.375000 0.001398
2500.000000 0.001381
2515.625000 0.001364
2531.250000 0.001347
2546.875000 0.001331
2562.500000 0.001315
2578.125000 0.001300
2593.750000 0.001285
2609.375000 0.001270
2625.000000 0.001256
2640.625000 0.001242
2656.250000 0.001229
2671.875000 0.001216
2687.500000 0.001203
2703.125000 0.001191
2718.750000 0.001179
2734.375000 0.001167
2750.000000 0.001156
2765.625000 0.001145
2781.250000 0.001134
2796.875000 0.001124
2812.500000 0.001113
2828.125000 0.001103
2843.750000 0.001094
2859.375000 0.001084
2875.000000 0.001075
2890.625000 0.001066
2906.250000 0.001057
2921.875000 0.001049
2937.500000 0.001040
2953.125000 0.001032
2968.750000 0.001024
2984.375000 0.001016
3000.000000 0.001009
3015.625000 0.001002
3031.250000 0.000994
3046.875000 0.000987
3062.500000 0.000981
3078.125000 0.000974
3093.750000 0.000968
3109.375000 0.000961
3125.000000 0.000955
3140.625000 0.000949
3156.250000 0.000943
3171.875000 0.000938
3187.500000 0.000932
3203.125000 0.000927
3218.750000 0.000922
3234.375000 0.000917
3250.000000 0.000912
3265.625000 0.000907
3281.250000 0.000902
3296.875000 0.000898
3312.500000 0.000893
3328.125000 0.000889
3343.750000 0.000885
3359.375000 0.000881
3375.000000 0.000877
3390.625000 0.000873
3406.250000 0.000869
3421.875000 0.000866
3437.500000 0.000862
3453.125000 0.000859
3468.750000 0.000856
3484.375000 0.000853
3500.000000 0.000850
3515.625000 0.000847
3531.250000 0.000844
3546.875000 0.000841
3562.500000 0.000839
3578.125000 0.000836
3593.750000 0.000834
3609.375000 0.000832
3625.000000 0.000829
3640.625000 0.000827
3656.250000 0.000825
3671.875000 0.000823
3687.500000 0.000822
3703.125000 0.000820
3718.750000 0.000818
3734.375000 0.000817
3750.000000 0.000815
3765.625000 0.000814
3781.250000 0.000813
3796.875000 0.000812
3812.500000 0.000810
3828.125000 0.000809
3843.750000 0.000809
3859.375000 0.000808
3875.000000 0.000807
3890.625000 0.000806
3906.250000 0.000806
3921.875000 0.000805
3937.500000 0.000805
3953.125000 0.000805
3968.750000 0.000804
3984.375000 0.000804
4000.000000 0.000402
